	  D00002	 D00005	 D00007	 D00014	 D00018	 D00021	 D00027	 D00029	 D00032	 D00035
D00002	1.00000	0.00000	0.00037 0.00000	0.00040 1.00000	0.00000	0.00037 0.00000	0.00040
D00005	0.00000	1.00000	0.00000 0.00000	1.00800 1.00000	0.00000	0.00037 0.00000	0.00040
D00007	0.00037	0.05678	1.00000 0.00056	1.00800 1.00000	0.00000	0.00037 0.00000	0.00040
D00014  0.00000	0.05678	0.00010 1.00000	1.00390 1.00000	0.00000	0.00037 0.00000	0.00040
D00018  0.00040	0.05678	0.00000 1.00390	1.00000 1.00000	0.00000	0.00037 0.00000	0.00040
D00021	1.00000	0.00000	0.00037 0.00000	0.00040 1.00000	0.00000	0.00037 0.00000	0.00040
D00027	0.00000	1.00000	0.00000 0.00000	1.00800 1.00000	0.00000	0.00037 0.00000	0.00040
D00029	0.00037	0.05678	1.00000 0.00056	1.00800 1.00000	0.00000	0.00037 0.00000	0.00040
D00035  0.00000	0.05678	0.00010 1.00000	1.00390 1.00000	0.00000	0.00037 0.00000	0.00040
D00035  0.00040	0.05678	0.00000 1.00390	1.00000 1.00000	0.00000	0.00037 0.00000	0.00040